3 ,,
&Q ,Q ,3 333, ,33, 33 ,33, ,33,

333333, 33 322„ 33 333, 333, 3
Ἵ3..33,3ψ3, j nm} ab 3,,...33330 ,33 {ab
3,,,333 ,,,333 3 333333,
,3 ,3333 ,33, 3.,3, ,33, ,,33 ff
3} ,3 ,333 ,,3, 3 ,3, ,,,,, 3,,
{333333}
33353333
,,33 ,,33 ,3 ,333 3 ,3 ,33 ,,33
3,, 3,, ,3, 3 3,, ,3 3,, ,,33
33,,3,3,3,333,33Ξ3
,3,3333Ἠ3 ,3 333, ,,,33 333,
33333333, ,3333
,,33 ,,,33 z 3333 3,, 3 3,
,33 3 33333. 333 ,33, 33
3,, ,33, 3 333, ,33, 3,, 3,, 333 3
3 ,33 ,3 ,,33 ,33, ,3 33333333,
,,,3 ,3,33, ,3 ,3 ,33, ,3, ,,,3
33333333, 3333, ,333 3333,

 

