555 5 55 55 555555 331151111ἑᾷ1
1333311 313 555555555 555
35 5555 31 5555 31,3,’ 311, 33 33 33,
3,,’13 ,1331-,151113 3311311 555 ,1111
111,,111,.ω,1111511,1,11131111 ,51 ἡ
3111 32133113 131, 3,·11· ,15 {553 33
,113 555 ,11113 ,13331313

11333111313311131, 5555
3,,,333311113 ,15 1131331
111, ,1,3, 131113, 3,,,1 5151 ,1,11]
333 555² ²52³ 55< 55⁹5! 131335 33113115,
,15133 ,31] 555 1,]51 5 55 3133 5555

1]ι,,]11,11,,,1]3,,3,33,31,333
,31] 255 11111 515³ ,5555 5555} 31135153
'rmffldss55555‘05‘55555555'

’ 3113531 ,311 1,, 31331551 5555* 33, 33
,3131131133 33531311 ,13113 ,1113 1331
3,115 31331115 2555 3111 3531 ,11131 55
5351133313, ,313311 ,11111 1313131
,311115 35313351 3,, ,33131333 ,3131

 

