3
332 3333 33 33 33 3 ,3,
,3, 3 33 333 3, 3 3,, 3
33 3333333333333
33, 3 3333 3 3 3 33. 3 333
33 3 3 3 3 33. 23 3 ,3,
3 „3 33 3 333 3330. 3333
3333 3 33, 33 33 3 3 3...
3 3 3 33 3, 3 3 3333
3333 3 ..3333 3 3 3 ,333 3
,3, 33 3 3 3 3, ,3 3
33 33 33, 3 33 3 3 3,, 33 3
3333333133333
3 3 3. 33 ,3, 33 3,, 3 333
33 333 33 33 33 3 33
333 3 {3 33 33 333 3
3 333 33 ..3233 333 ...3 3 3 3,
3,, 3 3333„ 333 ,3 33 33.. 33
33 33 3,, ,3, 3 3 ,ω 33 32.
33. 33 3 3333, 3 3 3 3.. 333
..33 „3 3 33 3 33 3 3,, 3
{3 3 33 ,3 3, 3 3,, 3333,
33 3,, 333, ...3 33 33 3,

 

